00002503
00402583
00100293
00000313
00000013
00000013
00000013
00b30333
00128293
00000013
00000013
00000013
00632023
fea2c4e3
00000013
00000013
00000013
00000013
00000013
00000013
00000013
00000013
00000013
00000013
00000013
00000013
00000013
00000013
00000013
00000013
00000013
00000013
00000013
00000013
00000013
00000013
00000013
00000013
00000013
00000013
00000013
00000013
00000013
00000013
00000013
00000013
00000013
00000013
00000013
00000013
00000013
00000013
00000013
00000013
00000013
00000013
00000013
00000013
00000013
00000013
00000013
00000013
00000013
00000013
00000013
00000013
00000013
00000013
00000013
00000013
00000013
00000013
00000013
00000013
00000013
00000013
00000013
00000013
00000013
00000013
00000013
00000013
00000013
00000013
00000013
00000013
00000013
00000013
00000013
00000013
00000013
00000013
00000013
00000013
00000013
00000013
00000013
00000013
00000013
00000013
00000013
00000013
00000013
00000013
00000013
00000013
00000013
00000013
00000013
00000013
00000013
00000013
00000013
00000013
00000013
00000013
00000013
00000013
00000013
00000013
00000013
00000013
00000013
00000013
00000013
00000013
00000013
00000013
00000013
00000013
00000013
00000013
00000013
00000013
00000013
00000013
00000013
00000013
00000013
00000013
00000013
00000013
00000013
00000013
00000013
00000013
00000013
00000013
00000013
00000013
00000013
00000013
00000013
00000013
00000013
00000013
00000013
00000013
00000013
00000013
00000013
00000013
00000013
00000013
00000013
00000013
00000013
00000013
00000013
00000013
00000013
00000013
00000013
00000013
00000013
00000013
00000013
00000013
00000013
00000013
00000013
00000013
00000013
00000013
00000013
00000013
00000013
00000013
00000013
00000013
00000013
00000013
00000013
00000013
00000013
00000013
00000013
00000013
00000013
00000013
00000013
00000013
00000013
00000013
00000013
00000013
00000013
00000013
00000013
00000013
00000013
00000013
00000013
00000013
00000013
00000013
00000013
00000013
00000013
00000013
00000013
00000013
00000013
00000013
00000013
00000013
00000013
00000013
00000013
00000013
00000013
00000013
00000013
00000013
00000013
00000013
00000013
00000013
00000013
00000013
00000013
00000013
00000013
00000013
00000013
00000013
00000013
00000013
00000013
00000013
00000013
00000013
00000013
00000013
00000013
00000013
